S: 2.8459375000000007

Parts: 8

Inaccuracy: 0.06927083333333324