S: 0.7174057569123622

Parts: 32

Inaccuracy: 0.008673015815234053